 MEDIUM=WATER-1MEV-1KEV-1KEV    ,STERNCID=WATER-1MEV-1KEV-1KEV    
 COMP,RHO= 1.0000E+00,NE= 2, IUNRST=0, EPSTFL=0, IAPRIM=1
 ASYM=H ,Z= 1.,A=    1.008,PZ= 2.00000E+00,RHOZ= 2.01594E+00
 ASYM=O ,Z= 8.,A=   15.999,PZ= 1.00000E+00,RHOZ= 1.59994E+01
    3.60863E+01   5.12003E-01   1.00000E-03   1.51100E+00   1.00000E+00
     0   82    0  150    0    0    0    1    0
    9.99982E-01  -2.09837E-01   4.81527E-02   9.95891E-01  -2.25233E-01
    9.52000E-01   1.00022E+00  -1.77712E-01   3.42598E-02   1.01409E+00
   -2.29349E-01   9.52000E-01   1.00034E+00  -1.61205E-01   2.47423E-02
    1.02344E+00  -2.31463E-01   9.52000E-01   9.99982E-01  -2.10012E-01
    4.81928E-02   9.95887E-01  -2.25421E-01   9.52000E-01   1.00022E+00
   -1.77863E-01   3.42888E-02   1.01410E+00  -2.29543E-01   9.52000E-01
    1.00034E+00  -1.61343E-01   2.47635E-02   1.02346E+00  -2.31661E-01
    9.52000E-01
    3.60994E+01   9.41083E-01   8.53769E-01   2.27919E+00   9.41097E-01
    8.53766E-01   2.27069E+00
    8.90005E-02   7.36897E-05   2.71460E+05   4.88745E+00
    1.50000E+02   2.13868E+01
    6.07732E+02   8.79249E+01   5.14698E+06   7.44643E+05  -1.44029E+04
   -2.70979E+03  -2.45502E+04  -4.30068E+03   1.00000E+00   0.00000E+00
    2.11425E-02   3.05883E-03   1.79063E+02   2.59063E+01   6.68319E-07
    8.88580E-08   6.07732E+02   8.79249E+01   5.14698E+06   7.44643E+05
   -1.44029E+04  -2.70979E+03  -2.45502E+04  -4.30068E+03   1.00000E+00
    0.00000E+00   2.11425E-02   3.05883E-03   1.79063E+02   2.59063E+01
    6.68319E-07   8.88580E-08   6.46603E+02   9.35801E+01   4.52372E+06
    6.53966E+05  -1.40882E+04  -2.66400E+03  -2.35792E+04  -4.15941E+03
    1.00000E+00   0.00000E+00   2.02868E-03   2.77998E-04   1.12588E+00
    1.85539E-02   7.15254E-07   9.56864E-08   6.02117E+02   8.70635E+01
    3.90002E+06   5.62603E+05  -1.36909E+04  -2.60580E+03  -2.24806E+04
   -3.99849E+03   1.00000E+00   0.00000E+00   1.20171E-03   1.56860E-04
    1.03601E+00   5.38967E-03   7.68600E-07   1.03501E-07   5.55104E+02
    8.01295E+01   3.34788E+06   4.81166E+05  -1.32980E+04  -2.54785E+03
   -2.14365E+04  -3.84448E+03   1.00000E+00   0.00000E+00   9.92656E-04
    1.26026E-04   1.01679E+00   2.55458E-03   8.26126E-07   1.11986E-07
    5.06082E+02   7.28486E+01   2.86181E+06   4.08975E+05  -1.29252E+04
   -2.49249E+03  -2.04664E+04  -3.70041E+03   1.00000E+00   0.00000E+00
    8.80313E-04   1.09341E-04   1.00958E+00   1.48382E-03   8.88979E-07
    1.21321E-07   4.89083E+02   7.03064E+01   2.43258E+06   3.44781E+05
   -1.25669E+04  -2.43890E+03  -1.95564E+04  -3.56430E+03   1.00000E+00
    0.00000E+00   1.02876E-03   1.31542E-04   1.00610E+00   9.62441E-04
    9.57509E-07   1.31570E-07   4.48627E+02   6.42133E+01   2.04803E+06
    2.86862E+05  -1.21748E+04  -2.37984E+03  -1.86342E+04  -3.42541E+03
    1.00000E+00   0.00000E+00   9.87280E-04   1.25295E-04   1.00416E+00
    6.70515E-04   1.02935E-06   1.42390E-07   4.05258E+02   5.76351E+01
    1.71032E+06   2.35639E+05  -1.17987E+04  -2.32280E+03  -1.77700E+04
   -3.29433E+03   1.00000E+00   0.00000E+00   9.33028E-04   1.17066E-04
    1.00296E+00   4.89506E-04   1.10743E-06   1.54233E-07   3.62000E+02
    5.10269E+01   1.41337E+06   1.90276E+05  -1.14347E+04  -2.26719E+03
   -1.69543E+04  -3.16972E+03   1.00000E+00   0.00000E+00   8.81990E-04
    1.09270E-04   1.00219E+00   3.70954E-04   1.19213E-06   1.67172E-07
    3.57620E+02   5.03530E+01   1.15158E+06   1.49996E+05  -1.10679E+04
   -2.21075E+03  -1.61642E+04  -3.04816E+03   1.00000E+00   0.00000E+00
    1.04148E-03   1.33809E-04   1.00164E+00   2.86817E-04   1.28289E-06
    1.81136E-07   3.18098E+02   4.42279E+01   9.22029E+05   1.14422E+05
   -1.07108E+04  -2.15542E+03  -1.54150E+04  -2.93206E+03   1.00000E+00
    0.00000E+00   9.92167E-04   1.26167E-04   1.00125E+00   2.25632E-04
    1.38109E-06   1.96354E-07   2.76476E+02   3.77305E+01   7.21019E+05
    8.30425E+04  -1.03611E+04  -2.10082E+03  -1.47008E+04  -2.82055E+03
    1.00000E+00   0.00000E+00   9.29430E-04   1.16373E-04   1.00095E+00
    1.79741E-04   1.48715E-06   2.12912E-07   2.67833E+02   3.63713E+01
    5.45175E+05   5.53900E+04  -1.00082E+04  -2.04532E+03  -1.40059E+04
   -2.71128E+03   1.00000E+00   0.00000E+00   1.03106E-03   1.32355E-04
    1.00075E+00   1.47870E-04   1.60050E-06   2.30737E-07   2.40483E+02
    3.20385E+01   3.92328E+05   3.11760E+04  -9.67093E+03  -1.99190E+03
   -1.33535E+04  -2.60793E+03   1.00000E+00   0.00000E+00   1.02682E-03
    1.31683E-04   1.00056E+00   1.17278E-04   1.72375E-06   2.50262E-07
    2.01302E+02   2.57851E+01   2.59571E+05   9.98756E+03  -9.33024E+03
   -1.93752E+03  -1.27171E+04  -2.50636E+03   1.00000E+00   0.00000E+00
    9.55997E-04   1.20379E-04   1.00043E+00   9.68805E-05   1.85523E-06
    2.71247E-07   2.21443E+06   3.56080E+05   1.44992E+05  -8.43711E+03
   -1.12587E+04  -2.24762E+03  -1.21165E+04  -2.40978E+03  -1.31664E+02
   -2.13327E+01   1.15849E-03   1.52941E-04   1.00031E+00   7.77601E-05
    1.99776E-06   2.94165E-07   1.76940E+06   2.83975E+05   4.61891E+04
   -2.44452E+04  -1.05946E+04  -2.14003E+03  -1.15548E+04  -2.31877E+03
   -1.40670E-01  -2.32019E-02   1.13524E-03   1.49174E-04   1.00022E+00
    6.24630E-05   2.15316E-06   3.19344E-07   1.42604E+06   2.27920E+05
   -3.81872E+04  -3.82203E+04  -9.99436E+03  -2.04203E+03  -1.09956E+04
   -2.22748E+03  -4.55463E-02  -7.67220E-03   1.06822E-03   1.38233E-04
    1.00014E+00   4.97150E-05   2.31742E-06   3.46160E-07   1.15670E+06
    1.83609E+05  -1.10058E+05  -5.00439E+04  -9.46789E+03  -1.95542E+03
   -1.04716E+04  -2.14127E+03  -2.20818E-02  -3.81198E-03   9.83542E-04
    1.24302E-04   1.00008E+00   3.95174E-05   2.49597E-06   3.75534E-07
    9.42219E+05   1.48051E+05  -1.70956E+05  -6.01402E+04  -8.99602E+03
   -1.87719E+03  -9.97691E+03  -2.05926E+03  -1.27329E-02  -2.26203E-03
    9.35368E-04   1.16315E-04   1.00001E+00   2.80443E-05   2.68966E-06
    4.07645E-07   7.70300E+05   1.19326E+05  -2.21542E+05  -6.85923E+04
   -8.55029E+03  -1.80271E+03  -9.49088E+03  -1.97805E+03  -7.18888E-03
   -1.33571E-03   1.20833E-03   1.61923E-04   9.99969E-01   2.16708E-05
    2.89558E-06   4.42052E-07   6.31591E+05   9.59673E+04  -2.63998E+05
   -7.57419E+04  -8.14975E+03  -1.73526E+03  -9.04157E+03  -1.90239E+03
   -4.88105E-03  -9.47076E-04   1.13616E-03   1.49769E-04   9.99923E-01
    1.40223E-05   3.12103E-06   4.80018E-07   5.14345E+05   7.60664E+04
   -2.98480E+05  -8.15947E+04  -7.76657E+03  -1.67023E+03  -8.60332E+03
   -1.82800E+03  -3.51533E-03  -7.15264E-04   1.04488E-03   1.34276E-04
    9.99871E-01   5.09897E-06   3.36178E-06   5.20882E-07   4.19568E+05
    5.98506E+04  -3.26258E+05  -8.63474E+04  -7.40656E+03  -1.60863E+03
   -8.18627E+03  -1.75664E+03  -2.51673E-03  -5.44409E-04   1.02324E-03
    1.30573E-04   9.99848E-01   1.27476E-06   3.62158E-06   5.65332E-07
    3.38980E+05   4.59513E+04  -3.48073E+05  -9.01098E+04  -7.06547E+03
   -1.54980E+03  -7.78784E+03  -1.68792E+03  -1.33232E-03  -3.40129E-04
    1.21930E-03   1.64388E-04   9.99819E-01  -3.82427E-06   3.90148E-06
    6.13607E-07   2.71134E+05   3.41545E+04  -3.64930E+05  -9.30409E+04
   -6.74365E+03  -1.49384E+03  -7.41011E+03  -1.62225E+03  -1.04411E-03
   -2.90018E-04   1.12914E-03   1.48711E-04   9.99789E-01  -8.92320E-06
    4.20419E-06   6.66242E-07   2.14409E+05   2.42106E+04  -3.77175E+05
   -9.51875E+04  -6.43504E+03  -1.43974E+03  -7.04759E+03  -1.55870E+03
   -9.14018E-04  -2.67212E-04   1.01664E-03   1.28991E-04   9.99753E-01
   -1.52971E-05   4.52968E-06   7.23300E-07   1.65013E+05   1.54799E+04
   -3.85490E+05  -9.66572E+04  -6.14080E+03  -1.38774E+03  -6.70227E+03
   -1.49766E+03  -1.70296E-04  -1.35759E-04   1.23803E-03   1.68120E-04
    9.99739E-01  -1.78466E-05   4.88072E-06   7.85347E-07   1.23398E+05
    8.06310E+03  -3.90628E+05  -9.75728E+04  -5.86149E+03  -1.33796E+03
   -6.37496E+03  -1.43933E+03  -1.23825E-04  -1.27477E-04   1.16106E-03
    1.54403E-04   9.99717E-01  -2.16706E-05   5.26053E-06   8.53038E-07
    8.73953E+04   1.59265E+03  -3.92591E+05  -9.79257E+04  -5.59065E+03
   -1.28928E+03  -6.05907E+03  -1.38256E+03  -1.30863E-04  -1.28742E-04
    1.06962E-03   1.37970E-04   9.99696E-01  -2.54951E-05   5.66762E-06
    9.26199E-07   5.66122E+04  -3.98660E+03  -3.92062E+05  -9.78298E+04
   -5.33182E+03  -1.24237E+03  -5.75847E+03  -1.32807E+03   3.46249E-04
   -4.22682E-05   1.25450E-03   1.71478E-04   9.99675E-01  -2.93191E-05
    6.10676E-06   1.00579E-06   2.97411E+04  -8.89843E+03  -3.89603E+05
   -9.73804E+04  -5.08585E+03  -1.19741E+03  -5.47405E+03  -1.27608E+03
    2.46482E-04  -6.05048E-05   1.14354E-03   1.51196E-04   9.99661E-01
   -3.18689E-05   6.58184E-06   1.09263E-06   6.67153E+03  -1.31517E+04
   -3.85092E+05  -9.65486E+04  -4.84732E+03  -1.15343E+03  -5.19995E+03
   -1.22555E+03   4.13975E-04  -2.96244E-05   1.18845E-03   1.59475E-04
    9.99633E-01  -3.69679E-05   7.09130E-06   1.18656E-06  -1.28839E+04
   -1.67885E+04  -3.79242E+05  -9.54606E+04  -4.62088E+03  -1.11132E+03
   -4.94090E+03  -1.17737E+03   5.12523E-04  -1.12972E-05   1.20639E-03
    1.62812E-04   9.99619E-01  -3.95170E-05   7.64264E-06   1.28909E-06
   -3.00606E+04  -2.00109E+04  -3.72119E+05  -9.41244E+04  -4.40354E+03
   -1.07055E+03  -4.69377E+03  -1.13101E+03   5.03624E-04  -1.29667E-05
    1.16545E-03   1.55131E-04   9.99606E-01  -4.20669E-05   8.23676E-06
    1.40055E-06  -4.43946E+04  -2.27238E+04  -3.63855E+05  -9.25604E+04
   -4.19433E+03  -1.03095E+03  -4.45727E+03  -1.08625E+03   6.69968E-04
    1.85161E-05   1.23696E-03   1.68666E-04   9.99592E-01  -4.46160E-05
    8.87581E-06   1.52150E-06  -5.69556E+04  -2.51224E+04  -3.54788E+05
   -9.08290E+04  -3.99412E+03  -9.92719E+02  -4.23214E+03  -1.04326E+03
    6.18421E-04   8.67307E-06   1.17837E-03   1.57478E-04   9.99579E-01
   -4.71660E-05   9.56479E-06   1.65307E-06  -6.71260E+04  -2.70819E+04
   -3.44988E+05  -8.89407E+04  -3.80187E+03  -9.55678E+02  -4.01722E+03
   -1.00185E+03   7.57554E-04   3.54803E-05   1.24445E-03   1.70209E-04
    9.99559E-01  -5.09902E-05   1.03064E-05   1.79595E-06  -7.60603E+04
   -2.88190E+04  -3.34792E+05  -8.69584E+04  -3.61895E+03  -9.20113E+02
   -3.81369E+03  -9.62278E+02   8.04190E-04   4.45475E-05   1.25484E-03
    1.72228E-04   9.99553E-01  -5.22645E-05   1.11078E-05   1.95177E-06
   -8.31997E+04  -3.02198E+04  -3.23998E+05  -8.48405E+04  -3.44170E+03
   -8.85335E+02  -3.61766E+03  -9.23817E+02   9.61191E-04   7.53525E-05
    1.34226E-03   1.89383E-04   9.99533E-01  -5.60893E-05   1.19665E-05
    2.12025E-06  -8.91481E+04  -3.13977E+04  -3.13146E+05  -8.26916E+04
   -3.27409E+03  -8.52144E+02  -3.43307E+03  -8.87262E+02   7.85227E-04
    4.05071E-05   1.21099E-03   1.63388E-04   9.99514E-01  -5.99135E-05
    1.28965E-05   2.30442E-06  -9.38712E+04  -3.23418E+04  -3.02081E+05
   -8.04799E+04  -3.11328E+03  -8.20003E+02  -3.25686E+03  -8.52043E+02
    6.55834E-04   1.46446E-05   1.10699E-03   1.42600E-04   9.99514E-01
   -5.99129E-05   1.38976E-05   2.50452E-06  -9.75742E+04  -3.30889E+04
   -2.90837E+05  -7.82112E+04  -2.95893E+03  -7.88861E+02  -3.08850E+03
   -8.18075E+02   1.05551E-03   9.52843E-05   1.36779E-03   1.95219E-04
    9.99495E-01  -6.37378E-05   1.49742E-05   2.72173E-06  -1.00264E+05
   -3.36368E+04  -2.79592E+05  -7.59208E+04  -2.81108E+03  -7.58745E+02
   -2.92800E+03  -7.85383E+02   8.74699E-04   5.84558E-05   1.23182E-03
    1.67525E-04   9.99482E-01  -6.62873E-05   1.61326E-05   2.95768E-06
   -1.02241E+05  -3.40433E+04  -2.68450E+05  -7.36297E+04  -2.67037E+03
   -7.29810E+02  -2.77581E+03  -7.54086E+02   8.19651E-04   4.71356E-05
    1.18057E-03   1.56985E-04   9.99476E-01  -6.75614E-05   1.73825E-05
    3.21471E-06  -1.03393E+05  -3.42825E+04  -2.57364E+05  -7.13277E+04
   -2.53560E+03  -7.01827E+02  -2.63068E+03  -7.23952E+02   1.05833E-03
    9.66947E-05   1.34185E-03   1.90473E-04   9.99452E-01  -7.26611E-05
    1.87272E-05   3.49391E-06  -1.03956E+05  -3.44007E+04  -2.46440E+05
   -6.90372E+04  -2.40669E+03  -6.74798E+02  -2.49241E+03  -6.94960E+02
    8.63078E-04   5.57551E-05   1.19092E-03   1.58827E-04   9.99452E-01
   -7.26603E-05   2.01739E-05   3.79725E-06  -1.03908E+05  -3.43903E+04
   -2.35733E+05  -6.67699E+04  -2.28414E+03  -6.48848E+02  -2.36137E+03
   -6.67213E+02   1.03552E-03   9.22704E-05   1.30908E-03   1.83849E-04
    9.99434E-01  -7.64853E-05   2.17346E-05   4.12774E-06  -1.03418E+05
   -3.42855E+04  -2.25186E+05  -6.45143E+04  -2.16642E+03  -6.23671E+02
   -2.23600E+03  -6.40399E+02   9.77565E-04   7.98751E-05   1.25793E-03
    1.72909E-04   9.99416E-01  -8.03096E-05   2.34099E-05   4.48602E-06
   -1.02440E+05  -3.40744E+04  -2.14899E+05  -6.22921E+04  -2.05432E+03
   -5.99454E+02  -2.11698E+03  -6.14687E+02   1.12606E-03   1.11953E-04
    1.36319E-03   1.95648E-04   9.99416E-01  -8.03088E-05   2.52142E-05
    4.87580E-06  -1.01145E+05  -3.37917E+04  -2.04910E+05  -6.01123E+04
   -1.94768E+03  -5.76183E+02  -2.00410E+03  -5.90053E+02   1.33346E-03
    1.57214E-04   1.51741E-03   2.29303E-04   9.99398E-01  -8.41339E-05
    2.71589E-05   5.30019E-06  -9.95112E+04  -3.34315E+04  -1.95211E+05
   -5.79737E+04  -1.84588E+03  -5.53738E+02  -1.89669E+03  -5.66371E+02
    1.16290E-03   1.19610E-04   1.38302E-03   1.99673E-04   9.99387E-01
   -8.66825E-05   2.92507E-05   5.76141E-06  -9.76107E+04  -3.30081E+04
   -1.85761E+05  -5.58684E+04  -1.74837E+03  -5.32015E+02  -1.79409E+03
   -5.43514E+02   9.63316E-04   7.51471E-05   1.22135E-03   1.63655E-04
    9.99375E-01  -8.92329E-05   3.14957E-05   6.26155E-06  -9.54584E+04
   -3.25236E+04  -1.76649E+05  -5.38171E+04  -1.65574E+03  -5.11161E+02
   -1.69686E+03  -5.21627E+02   7.30259E-04   2.26804E-05   1.02913E-03
    1.20382E-04   9.99370E-01  -9.05077E-05   3.39142E-05   6.80600E-06
   -9.31201E+04  -3.19916E+04  -1.67817E+05  -5.18077E+04  -1.56749E+03
   -4.91082E+02  -1.60448E+03  -5.00608E+02   1.17154E-03   1.23080E-04
    1.37136E-03   1.98246E-04   9.99353E-01  -9.43310E-05   3.65157E-05
    7.39789E-06  -9.06113E+04  -3.14146E+04  -1.59306E+05  -4.98503E+04
   -1.48331E+03  -4.71725E+02  -1.51658E+03  -4.80395E+02   1.26279E-03
    1.44065E-04   1.44093E-03   2.14245E-04   9.99342E-01  -9.68814E-05
    3.93112E-05   8.04076E-06  -8.80076E+04  -3.08093E+04  -1.51125E+05
   -4.79487E+04  -1.40318E+03  -4.53096E+02  -1.43309E+03  -4.60986E+02
    1.07342E-03   1.00042E-04   1.28361E-03   1.77673E-04   9.99336E-01
   -9.81562E-05   4.23169E-05   8.73949E-06  -8.52851E+04  -3.01695E+04
   -1.43260E+05  -4.61001E+04  -1.32690E+03  -4.35169E+02  -1.35378E+03
   -4.42345E+02   8.53224E-04   4.82921E-05   1.09731E-03   1.33889E-04
    9.99320E-01  -1.01979E-04   4.55479E-05   9.49881E-06  -8.24788E+04
   -2.95027E+04  -1.35683E+05  -4.42998E+04  -1.25430E+03  -4.17916E+02
   -1.27846E+03  -4.24448E+02   1.26113E-03   1.45224E-04   1.42670E-03
    2.12162E-04   9.99309E-01  -1.04530E-04   4.90208E-05   1.03241E-05
   -7.96176E+04  -2.88151E+04  -1.28416E+05  -4.25533E+04  -1.18505E+03
   -4.01276E+02  -1.20675E+03  -4.07216E+02   1.22519E-03   1.36586E-04
    1.39381E-03   2.04258E-04   9.99299E-01  -1.07079E-04   5.27471E-05
    1.12195E-05  -7.67348E+04  -2.81145E+04  -1.21466E+05  -4.08643E+04
   -1.11925E+03  -3.85284E+02  -1.13874E+03  -3.90687E+02   1.02547E-03
    8.80481E-05   1.22253E-03   1.62632E-04   9.99283E-01  -1.10903E-04
    5.67516E-05   1.21927E-05  -7.38313E+04  -2.74007E+04  -1.14810E+05
   -3.92281E+04  -1.05671E+03  -3.69911E+02  -1.07421E+03  -3.74825E+02
    1.14043E-03   1.16308E-04   1.31409E-03   1.85140E-04   9.99283E-01
   -1.10904E-04   6.10537E-05   1.32503E-05  -7.09265E+04  -2.66784E+04
   -1.08441E+05  -3.76442E+04  -9.97219E+02  -3.55117E+02  -1.01293E+03
   -3.59585E+02   1.26425E-03   1.47102E-04   1.41527E-03   2.10303E-04
    9.99262E-01  -1.16002E-04   6.56716E-05   1.43987E-05  -6.80382E+04
   -2.59516E+04  -1.02364E+05  -3.61152E+04  -9.40616E+02  -3.40875E+02
   -9.54721E+02  -3.44939E+02   1.06878E-03   9.79179E-05   1.24459E-03
    1.67357E-04   9.99262E-01  -1.16002E-04   7.06261E-05   1.56453E-05
   -6.51640E+04  -2.52199E+04  -9.65559E+04  -3.46365E+04  -8.86908E+02
   -3.27201E+02  -8.99563E+02  -3.30895E+02   1.36059E-03   1.72216E-04
    1.49168E-03   2.30269E-04   9.99237E-01  -1.22376E-04   7.59470E-05
    1.70000E-05  -6.23313E+04  -2.44900E+04  -9.10179E+04  -3.32095E+04
   -8.35823E+02  -3.14038E+02  -8.47174E+02  -3.17396E+02   1.45448E-03
    1.96407E-04   1.57138E-03   2.50806E-04   9.99237E-01  -1.22376E-04
    8.16521E-05   1.84701E-05  -5.95380E+04  -2.37614E+04  -8.57414E+04
   -3.18333E+04  -7.87222E+02  -3.01362E+02  -7.97396E+02  -3.04413E+02
    1.28525E-03   1.52269E-04   1.42244E-03   2.11958E-04   9.99223E-01
   -1.26201E-04   8.77657E-05   2.00646E-05  -5.68117E+04  -2.30416E+04
   -8.07301E+04  -3.05102E+04  -7.41181E+02  -2.89205E+02  -7.50310E+02
   -2.91981E+02   1.09105E-03   1.00995E-04   1.24876E-03   1.66102E-04
    9.99213E-01  -1.28750E-04   9.43283E-05   2.17973E-05  -5.41333E+04
   -2.23255E+04  -7.59576E+04  -2.92343E+04  -6.97427E+02  -2.77508E+02
   -7.05603E+02  -2.80029E+02   8.64160E-04   4.03388E-05   1.04337E-03
    1.11193E-04   9.99208E-01  -1.30024E-04   1.01359E-04   2.36769E-05
   -5.14953E+04  -2.16114E+04  -7.13941E+04  -2.79989E+04  -6.55851E+02
   -2.66253E+02  -6.63181E+02  -2.68545E+02   1.43836E-03   1.95785E-04
    1.54731E-03   2.47620E-04   9.99194E-01  -1.33849E-04   1.08889E-04
    2.57155E-05  -4.89478E+04  -2.09129E+04  -6.70807E+04  -2.68162E+04
   -6.16460E+02  -2.55452E+02  -6.23019E+02  -2.57533E+02   1.37157E-03
    1.77473E-04   1.48630E-03   2.30891E-04   9.99180E-01  -1.37673E-04
    1.16960E-04   2.79285E-05  -4.64644E+04  -2.02231E+04  -6.29801E+04
   -2.56773E+04  -5.79008E+02  -2.45050E+02  -5.84888E+02  -2.46942E+02
    1.19123E-03   1.27383E-04   1.32229E-03   1.85337E-04   9.99180E-01
   -1.37673E-04   1.25594E-04   3.03264E-05  -4.40629E+04  -1.95474E+04
   -5.90967E+04  -2.45845E+04  -5.43571E+02  -2.35078E+02  -5.48827E+02
   -2.36794E+02   9.84148E-04   6.91091E-05   1.13169E-03   1.31703E-04
    9.99162E-01  -1.42772E-04   1.34845E-04   3.29298E-05  -4.17145E+04
   -1.88777E+04  -5.53914E+04  -2.35279E+04  -5.09907E+02  -2.25478E+02
   -5.14616E+02  -2.27039E+02   1.48293E-03   2.11339E-04   1.57897E-03
    2.59247E-04   9.99157E-01  -1.44047E-04   1.44737E-04   3.57506E-05
   -3.94603E+04  -1.82262E+04  -5.18962E+04  -2.25177E+04  -4.78017E+02
   -2.16262E+02  -4.82225E+02  -2.17678E+02   1.32607E-03   1.66006E-04
    1.43495E-03   2.17623E-04   9.99144E-01  -1.47872E-04   1.55320E-04
    3.88091E-05  -3.72829E+04  -1.75883E+04  -4.85831E+04  -2.15471E+04
   -4.47770E+02  -2.07400E+02  -4.51534E+02  -2.08686E+02   1.14121E-03
    1.11847E-04   1.26332E-03   1.67341E-04   9.99144E-01  -1.47871E-04
    1.66631E-04   4.21230E-05  -3.51751E+04  -1.69622E+04  -4.54378E+04
   -2.06128E+04  -4.19123E+02  -1.98891E+02  -4.22486E+02  -2.00058E+02
    1.35085E-03   1.74119E-04   1.45222E-03   2.23452E-04   9.99127E-01
   -1.52970E-04   1.78722E-04   4.57143E-05  -3.31512E+04  -1.63525E+04
   -4.24662E+04  -1.97177E+04  -3.91990E+02  -1.90718E+02  -3.94997E+02
   -1.91777E+02   1.36498E-03   1.78376E-04   1.46308E-03   2.26722E-04
    9.99119E-01  -1.55520E-04   1.91640E-04   4.96056E-05  -3.12057E+04
   -1.57581E+04  -3.96552E+04  -1.88589E+04  -3.66258E+02  -1.82856E+02
   -3.68944E+02  -1.83818E+02   1.18848E-03   1.24451E-04   1.29739E-03
    1.76101E-04   9.99110E-01  -1.58069E-04   2.05423E-04   5.38167E-05
   -2.93332E+04  -1.51778E+04  -3.69943E+04  -1.80341E+04  -3.41940E+02
   -1.75319E+02  -3.44338E+02  -1.76191E+02   1.41205E-03   1.93744E-04
    1.50202E-03   2.39526E-04   9.99110E-01  -1.58069E-04   2.20150E-04
    5.83812E-05  -2.75391E+04  -1.46135E+04  -3.44801E+04  -1.72434E+04
   -3.18877E+02  -1.68065E+02  -3.21015E+02  -1.68856E+02   1.32902E-03
    1.67631E-04   1.42270E-03   2.14580E-04   9.99094E-01  -1.63168E-04
    2.35843E-04   6.33170E-05  -2.58236E+04  -1.40659E+04  -3.21088E+04
   -1.64865E+04  -2.97092E+02  -1.61111E+02  -2.99000E+02  -1.61828E+02
    1.28883E-03   1.54802E-04   1.38267E-03   2.01803E-04   9.99090E-01
   -1.64443E-04   2.52595E-04   6.86640E-05  -2.41741E+04  -1.35314E+04
   -2.98624E+04  -1.57585E+04  -2.76436E+02  -1.54418E+02  -2.78139E+02
   -1.55068E+02   1.41274E-03   1.94954E-04   1.49657E-03   2.38709E-04
    9.99086E-01  -1.65718E-04   2.70426E-04   7.44422E-05  -2.26061E+04
   -1.30155E+04  -2.77504E+04  -1.50636E+04  -2.56941E+02  -1.48004E+02
   -2.58457E+02  -1.48592E+02   1.27375E-03   1.49224E-04   1.36362E-03
    1.94966E-04   9.99075E-01  -1.69542E-04   2.89441E-04   8.06986E-05
   -2.10996E+04  -1.25121E+04  -2.57495E+04  -1.43950E+04  -2.38473E+02
   -1.41832E+02  -2.39825E+02  -1.42366E+02   1.44910E-03   2.07821E-04
    1.52687E-03   2.49520E-04   9.99067E-01  -1.72091E-04   3.09667E-04
    8.74573E-05  -1.96698E+04  -1.20267E+04  -2.38702E+04  -1.37570E+04
   -2.21035E+02  -1.35912E+02  -2.22237E+02  -1.36396E+02   1.30133E-03
    1.57655E-04   1.38497E-03   2.01348E-04   9.99067E-01  -1.72092E-04
    3.31201E-04   9.47678E-05  -1.83010E+04  -1.15545E+04  -2.20930E+04
   -1.31440E+04  -2.04548E+02  -1.30225E+02  -2.05619E+02  -1.30663E+02
    1.46075E-03   2.12647E-04   1.53425E-03   2.52840E-04   9.99059E-01
   -1.74641E-04   3.54096E-04   1.02665E-04  -1.70004E+04  -1.10985E+04
   -2.04211E+04  -1.25578E+04  -1.88961E+02  -1.24760E+02  -1.89912E+02
   -1.25156E+02   1.37502E-03   1.82590E-04   1.45079E-03   2.23578E-04
    9.99052E-01  -1.77190E-04   3.78420E-04   1.11193E-04  -1.57602E+04
   -1.06565E+04  -1.88443E+04  -1.19958E+04  -1.74253E+02  -1.19518E+02
   -1.75101E+02  -1.19877E+02   1.56342E-03   2.49744E-04   1.62904E-03
    2.87115E-04   9.99049E-01  -1.78465E-04   4.04273E-04   1.20408E-04
   -1.45850E+04  -1.02305E+04  -1.73638E+04  -1.14591E+04  -1.60359E+02
   -1.14482E+02  -1.61112E+02  -1.14806E+02   1.42824E-03   2.00744E-04
    1.49817E-03   2.39678E-04   9.99049E-01  -1.78465E-04   4.31709E-04
    1.30354E-04  -1.34681E+04  -9.81861E+03  -1.59700E+04  -1.09452E+04
   -1.47240E+02  -1.09644E+02  -1.47907E+02  -1.09937E+02   1.27502E-03
    1.44248E-04   1.34892E-03   1.84642E-04   9.99038E-01  -1.82290E-04
    4.60807E-04   1.41083E-04  -1.24035E+04  -9.41919E+03  -1.46549E+04
   -1.04517E+04  -1.34866E+02  -1.05001E+02  -1.35459E+02  -1.05266E+02
    1.53128E-03   2.40397E-04   1.59351E-03   2.76416E-04   9.99042E-01
   -1.81014E-04   4.91668E-04   1.52662E-04  -1.13976E+04  -9.03502E+03
   -1.34220E+04  -9.98088E+03  -1.23190E+02  -1.00542E+02  -1.23715E+02
   -1.00782E+02   1.46177E-03   2.13850E-04   1.52495E-03   2.50233E-04
    9.99035E-01  -1.83564E-04   5.24358E-04   1.65147E-04  -1.04447E+04
   -8.66447E+03  -1.22635E+04  -9.53039E+03  -1.12174E+02  -9.62585E+01
   -1.12640E+02  -9.64748E+01   1.32547E-03   1.60848E-04   1.39117E-03
    1.98212E-04   9.99032E-01  -1.84840E-04   5.58961E-04   1.78602E-04
   -9.53842E+03  -8.30555E+03  -1.11717E+04  -9.09799E+03  -1.01793E+02
   -9.21473E+01  -1.02206E+02  -9.23428E+01   1.57026E-03   2.57799E-04
    1.62660E-03   2.91453E-04   9.99038E-01  -1.82289E-04   5.95579E-04
    1.93105E-04  -8.68493E+03  -7.96115E+03  -1.01507E+04  -8.68596E+03
   -9.20114E+01  -8.82001E+01  -9.23769E+01  -8.83763E+01   1.44600E-03
    2.07658E-04   1.50445E-03   2.42161E-04   9.99032E-01  -1.84839E-04
    6.34299E-04   2.08729E-04  -7.87568E+03  -7.62832E+03  -9.18993E+03
   -8.29083E+03  -8.27899E+01  -8.44074E+01  -8.31137E+01  -8.45665E+01
    1.47296E-03   2.18744E-04   1.52895E-03   2.52239E-04   9.99032E-01
   -1.84839E-04   6.75186E-04   2.25545E-04  -7.11148E+03  -7.30785E+03
   -8.28896E+03  -7.91301E+03  -7.41075E+01  -8.07665E+01  -7.43932E+01
   -8.09096E+01   1.51407E-03   2.35984E-04   1.56743E-03   2.68375E-04
    9.99029E-01  -1.86113E-04   7.18360E-04   2.43650E-04  -6.39008E+03
   -6.99929E+03  -7.44452E+03  -7.55181E+03  -6.59316E+01  -7.72694E+01
   -6.61845E+01  -7.73984E+01   1.49448E-03   2.27605E-04   1.54675E-03
    2.59530E-04   9.99035E-01  -1.83565E-04   7.63890E-04   2.63125E-04
   -5.70773E+03  -6.70147E+03  -6.65120E+03  -7.20556E+03  -5.82427E+01
   -7.39134E+01  -5.84660E+01  -7.40296E+01   1.71090E-03   3.22067E-04
    1.75730E-03   3.51430E-04   9.99032E-01  -1.84839E-04   8.11902E-04
    2.84080E-04  -5.06685E+03  -6.41592E+03  -5.91043E+03  -6.87550E+03
   -5.10027E+01  -7.06876E+01  -5.11993E+01  -7.07919E+01   1.61428E-03
    2.79016E-04   1.66152E-03   3.08754E-04   9.99040E-01  -1.81014E-04
    8.62440E-04   3.06598E-04  -4.46340E+03  -6.14133E+03  -5.21726E+03
   -6.56008E+03  -4.41994E+01  -6.75918E+01  -4.43734E+01  -6.76858E+01
    1.50519E-03   2.29374E-04   1.55300E-03   2.59370E-04   9.99040E-01
   -1.81015E-04   9.15640E-04   3.30806E-04  -3.89539E+03  -5.87724E+03
   -4.56824E+03  -6.25834E+03  -3.78025E+01  -6.46178E+01  -3.79555E+01
   -6.47020E+01   1.38424E-03   1.73142E-04   1.43223E-03   2.03223E-04
    9.99043E-01  -1.79740E-04   9.71567E-04   3.56808E-04  -3.35886E+03
   -5.62225E+03  -3.95938E+03  -5.96897E+03  -3.17916E+01  -6.17610E+01
   -3.19260E+01  -6.18364E+01   1.49562E-03   2.26079E-04   1.54020E-03
    2.54537E-04   9.99046E-01  -1.78465E-04   1.03032E-03   3.84732E-04
   -2.85428E+03  -5.37699E+03  -3.38978E+03  -5.69211E+03  -2.61479E+01
   -5.90178E+01  -2.62666E+01  -5.90855E+01   1.66401E-03   3.07927E-04
    1.70496E-03   3.34622E-04   9.99056E-01  -1.73366E-04   1.09200E-03
    4.14712E-04  -2.38227E+03  -5.14223E+03  -2.85941E+03  -5.42832E+03
   -2.08490E+01  -5.63823E+01  -2.09532E+01  -5.64429E+01   1.57086E-03
    2.61596E-04   1.61168E-03   2.88224E-04   9.99059E-01  -1.72092E-04
    1.15667E-03   4.46877E-04  -1.93938E+03  -4.91671E+03  -2.36429E+03
   -5.17620E+03  -1.58775E+01  -5.38508E+01  -1.59688E+01  -5.39048E+01
    1.46773E-03   2.09082E-04   1.50814E-03   2.35503E-04   9.99061E-01
   -1.70817E-04   1.22444E-03   4.81385E-04  -1.52231E+03  -4.69915E+03
   -1.90053E+03  -4.93429E+03  -1.12148E+01  -5.14186E+01  -1.12952E+01
   -5.14669E+01   1.57415E-03   2.64590E-04   1.61205E-03   2.89704E-04
    9.99074E-01  -1.64443E-04   1.29537E-03   5.18386E-04  -1.13186E+03
   -4.49039E+03  -1.46828E+03  -4.70318E+03  -6.84562E+00  -4.90825E+01
   -6.91596E+00  -4.91255E+01   1.64780E-03   3.03970E-04   1.68381E-03
    3.28074E-04   9.99078E-01  -1.61893E-04   1.36957E-03   5.58056E-04
   -7.67265E+02  -4.29046E+03  -1.06642E+03  -4.48281E+03  -2.75160E+00
   -4.68375E+01  -2.81390E+00  -4.68760E+01   1.56109E-03   2.56419E-04
    1.59645E-03   2.80167E-04   9.99088E-01  -1.56795E-04   1.44708E-03
    6.00563E-04  -4.25709E+02  -4.09822E+03  -6.91670E+02  -4.27190E+03
    1.08025E+00  -4.46809E+01   1.02606E+00  -4.47148E+01   1.54576E-03
    2.47792E-04   1.57984E-03   2.70820E-04   9.99097E-01  -1.51696E-04
    1.52801E-03   6.46108E-04  -1.05536E+02  -3.91316E+03  -3.41867E+02
   -4.06971E+03   4.66635E+00  -4.26080E+01   4.61894E+00  -4.26381E+01
    1.66803E-03   3.18468E-04   1.70023E-03   3.40408E-04   9.99106E-01
   -1.46596E-04   1.61240E-03   6.94889E-04   1.92115E+02  -3.73633E+03
   -1.77960E+01  -3.87718E+03   8.01800E+00  -4.06169E+01   7.97636E+00
   -4.06435E+01   1.59119E-03   2.72816E-04   1.62250E-03   2.94231E-04
    9.99114E-01  -1.41497E-04   1.70033E-03   7.47126E-04   4.70784E+02
   -3.56605E+03   2.84235E+02  -3.69263E+03   1.11514E+01  -3.87022E+01
    1.11146E+01  -3.87259E+01   1.63985E-03   3.02552E-04   1.66981E-03
    3.23135E-04   9.99125E-01  -1.35124E-04   1.79183E-03   8.03039E-04
    7.30832E+02  -3.40247E+03   5.65085E+02  -3.51597E+03   1.40764E+01
   -3.68623E+01   1.40445E+01  -3.68829E+01   1.75219E-03   3.73216E-04
    1.78083E-03   3.92967E-04   9.99137E-01  -1.27475E-04   1.88698E-03
    8.62885E-04   9.71997E+02  -3.24618E+03   8.24651E+02  -3.34775E+03
    1.68048E+01  -3.50942E+01   1.67766E+01  -3.51123E+01   1.69147E-03
    3.33867E-04   1.71920E-03   3.53028E-04   9.99145E-01  -1.22376E-04
    1.98580E-03   9.26931E-04   1.19633E+03  -3.09625E+03   1.06528E+03
   -3.18693E+03   1.93487E+01  -3.33939E+01   1.93240E+01  -3.34098E+01
    1.62558E-03   2.89826E-04   1.65226E-03   3.08288E-04   9.99158E-01
   -1.13453E-04   2.08832E-03   9.95450E-04   1.40469E+03  -2.95251E+03
    1.28803E+03  -3.03325E+03   2.17175E+01  -3.17597E+01   2.16956E+01
   -3.17736E+01   1.55427E-03   2.40629E-04   1.57979E-03   2.58292E-04
    9.99171E-01  -1.04530E-04   2.19458E-03   1.06876E-03   1.59919E+03
   -2.81385E+03   1.49525E+03  -2.88553E+03   2.39219E+01  -3.01883E+01
    2.39030E+01  -3.02000E+01   1.68520E-03   3.33968E-04   1.70970E-03
    3.50908E-04   9.99182E-01  -9.68812E-05   2.30457E-03   1.14717E-03
    1.77905E+03  -2.68121E+03   1.68630E+03  -2.74464E+03   2.59709E+01
   -2.86772E+01   2.59542E+01  -2.86873E+01   1.74061E-03   3.74834E-04
    1.76424E-03   3.91126E-04   9.99194E-01  -8.79577E-05   2.41832E-03
    1.23105E-03   1.94501E+03  -2.55444E+03   1.86210E+03  -2.61035E+03
    2.78732E+01  -2.72242E+01   2.78583E+01  -2.72329E+01   1.68975E-03
    3.35986E-04   1.71236E-03   3.51502E-04   9.99205E-01  -7.90345E-05
    2.53577E-03   1.32076E-03   2.09841E+03  -2.43294E+03   2.02409E+03
   -2.48204E+03   2.96372E+01  -2.58269E+01   2.96240E+01  -2.58343E+01
    1.63531E-03   2.92867E-04   1.65685E-03   3.07532E-04   9.99218E-01
   -6.88366E-05   2.65691E-03   1.41672E-03   2.24077E+03  -2.31583E+03
    2.17400E+03  -2.35873E+03   3.12712E+01  -2.44828E+01   3.12594E+01
   -2.44890E+01   1.73828E-03   3.77561E-04   1.75922E-03   3.91737E-04
    9.99229E-01  -5.99134E-05   2.78169E-03   1.51936E-03   2.37146E+03
   -2.20404E+03   2.31131E+03  -2.24126E+03   3.27820E+01  -2.31904E+01
    3.27716E+01  -2.31955E+01   1.74838E-03   3.86204E-04   1.76854E-03
    3.99709E-04   9.99243E-01  -4.84405E-05   2.91005E-03   1.62917E-03
    2.49148E+03  -2.09708E+03   2.43706E+03  -2.12921E+03   3.41773E+01
   -2.19470E+01   3.41679E+01  -2.19511E+01   1.70682E-03   3.49172E-04
    1.72603E-03   3.61832E-04   9.99254E-01  -3.82425E-05   3.04186E-03
    1.74663E-03   2.60194E+03  -1.99437E+03   2.55252E+03  -2.02185E+03
    3.54634E+01  -2.07511E+01   3.54550E+01  -2.07544E+01   1.73242E-03
    3.72975E-04   1.75096E-03   3.85015E-04   9.99266E-01  -2.67698E-05
    3.17704E-03   1.87233E-03   2.70327E+03  -1.89586E+03   2.65818E+03
   -1.91914E+03   3.66472E+01  -1.96003E+01   3.66394E+01  -1.96029E+01
    1.77804E-03   4.17322E-04   1.79609E-03   4.28879E-04   9.99277E-01
   -1.65718E-05   3.31540E-03   2.00682E-03   2.79553E+03  -1.80191E+03
    2.75417E+03  -1.82137E+03   3.77339E+01  -1.84936E+01   3.77269E+01
   -1.84954E+01   1.74542E-03   3.84098E-04   1.76263E-03   3.94807E-04
    9.99291E-01  -2.54950E-06   3.45677E-03   2.15080E-03   2.87994E+03
   -1.71164E+03   2.84179E+03  -1.72768E+03   3.87295E+01  -1.74290E+01
    3.87231E+01  -1.74302E+01   1.77741E-03   4.18308E-04   1.79415E-03
    4.28513E-04   9.99299E-01   6.37375E-06   3.60094E-03   2.30497E-03
    2.95665E+03  -1.62530E+03   2.92127E+03  -1.63822E+03   3.96395E+01
   -1.64047E+01   3.96334E+01  -1.64055E+01   1.79294E-03   4.35793E-04
    1.80918E-03   4.45426E-04   9.99310E-01   1.91213E-05   3.74761E-03
    2.47005E-03   3.02606E+03  -1.54283E+03   2.99303E+03  -1.55295E+03
    4.03964E+01  -1.55054E+01   4.03908E+01  -1.55056E+01   1.77337E-03
    4.12536E-04   1.78893E-03   4.21372E-04   9.99320E-01   3.05940E-05
    3.89646E-03   2.64691E-03   3.08905E+03  -1.46358E+03   3.05802E+03
   -1.47120E+03   4.08987E+01  -1.48735E+01   4.08934E+01  -1.48733E+01
    1.82188E-03   4.73572E-04   1.83722E-03   4.82125E-04   9.99331E-01
    4.46163E-05   4.04712E-03   2.83645E-03   3.14550E+03  -1.38812E+03
    3.11618E+03  -1.39346E+03   4.15316E+01  -1.40275E+01   4.15266E+01
   -1.40269E+01   1.80199E-03   4.46974E-04   1.81672E-03   4.54723E-04
    9.99339E-01   5.48143E-05   4.19913E-03   3.03963E-03   3.19630E+03
   -1.31569E+03   3.16841E+03  -1.31899E+03   4.21019E+01  -1.32144E+01
    4.20971E+01  -1.32135E+01   1.82981E-03   4.86644E-04   1.84428E-03
    4.94011E-04   9.99348E-01   6.75618E-05   4.35194E-03   3.25751E-03
    3.24150E+03  -1.24665E+03   3.21481E+03  -1.24811E+03   4.26129E+01
   -1.24337E+01   4.26082E+01  -1.24328E+01   1.82358E-03   4.77133E-04
    1.83760E-03   4.83815E-04   9.99355E-01   7.90346E-05   4.50498E-03
    3.49130E-03   3.28171E+03  -1.18050E+03   3.25601E+03  -1.18033E+03
    4.30680E+01  -1.16850E+01   4.30637E+01  -1.16835E+01   1.84029E-03
    5.04620E-04   1.85406E-03   5.10879E-04   9.99361E-01   8.92326E-05
    4.65751E-03   3.74222E-03   3.31710E+03  -1.11743E+03   3.29220E+03
   -1.11582E+03   4.34714E+01  -1.09661E+01   4.34670E+01  -1.09647E+01
    1.83608E-03   4.97108E-04   1.84948E-03   5.02725E-04   9.99369E-01
    1.03255E-04   4.80867E-03   4.01163E-03   3.34819E+03  -1.05698E+03
    3.32396E+03  -1.05408E+03   4.38256E+01  -1.02774E+01   4.38214E+01
   -1.02756E+01   1.86197E-03   5.47446E-04   1.87525E-03   5.52819E-04
    9.99374E-01   1.13453E-04   4.95755E-03   4.30109E-03   3.37508E+03
   -9.99482E+02   3.35139E+03  -9.95414E+02   4.41344E+01  -9.61713E+00
    4.41302E+01  -9.61525E+00   1.85633E-03   5.35398E-04   1.86930E-03
    5.40113E-04   9.99379E-01   1.23651E-04   5.10300E-03   4.61215E-03
    3.39815E+03  -9.44647E+02   3.37489E+03  -9.39566E+02   4.44003E+01
   -8.98510E+00   4.43962E+01  -8.98306E+00   1.84820E-03   5.16082E-04
    1.86089E-03   5.20113E-04   9.99384E-01   1.35124E-04   5.24376E-03
    4.94663E-03   3.41780E+03  -8.92115E+02   3.39487E+03  -8.86152E+02
    4.46266E+01  -8.38015E+00   4.46226E+01  -8.37803E+00   1.86045E-03
    5.48825E-04   1.87302E-03   5.52540E-04   9.99388E-01   1.46596E-04
    5.37837E-03   5.30648E-03   3.43417E+03  -8.42109E+02   3.41151E+03
   -8.35337E+02   4.48159E+01  -7.80180E+00   4.48119E+01  -7.79960E+00
    1.86557E-03   5.64446E-04   1.87799E-03   5.67727E-04   9.99391E-01
    1.54245E-04   5.50512E-03   5.69374E-03   3.44752E+03  -7.94532E+02
    3.42504E+03  -7.87102E+02   4.49710E+01  -7.24891E+00   4.49670E+01
   -7.24662E+00   1.86108E-03   5.48474E-04   1.87334E-03   5.51148E-04
    9.99394E-01   1.65718E-04   5.62212E-03   6.11077E-03   3.45815E+03
   -7.49038E+02   3.43582E+03  -7.40997E+02   4.50944E+01  -6.72138E+00
    4.50904E+01  -6.71902E+00   1.86960E-03   5.84904E-04   1.88179E-03
    5.87319E-04   9.99396E-01   1.74641E-04   5.72716E-03   6.56006E-03
    3.46624E+03  -7.05831E+02   3.44399E+03  -6.97284E+02   4.51885E+01
   -6.21801E+00   4.51845E+01  -6.21556E+00   1.87013E-03   5.87750E-04
    1.88224E-03   5.89702E-04   9.99397E-01   1.81015E-04   5.81772E-03
    7.04426E-03   3.47201E+03  -6.64697E+02   3.44982E+03  -6.55727E+02
    4.52558E+01  -5.73821E+00   4.52518E+01  -5.73593E+00   1.87003E-03
    5.87030E-04   1.88207E-03   5.88522E-04   9.99399E-01   1.92487E-04
    5.89097E-03   7.56645E-03   3.47567E+03  -6.25521E+02   3.45352E+03
   -6.16159E+02   4.52985E+01  -5.28159E+00   4.52945E+01  -5.27914E+00
    1.87241E-03   6.12478E-04   1.88443E-03   6.13676E-04   9.99400E-01
    1.98861E-04   5.94365E-03   8.12977E-03   3.47741E+03  -5.88355E+02
    3.45527E+03  -5.78712E+02   4.53188E+01  -4.84715E+00   4.53148E+01
   -4.84471E+00   1.87192E-03   6.01887E-04   1.88391E-03   6.02601E-04
    9.99400E-01   2.03960E-04   5.97208E-03   8.73774E-03   3.47741E+03
   -5.88355E+02   3.45527E+03  -5.78712E+02   4.53188E+01  -4.84715E+00
    4.53148E+01  -4.84471E+00   1.87192E-03   6.01887E-04   1.88391E-03
    6.02601E-04   9.99400E-01   2.03960E-04   5.97208E-03   8.73774E-03
    0.00000E+00   8.20000E+01   1.15812E+01
    1.49581E-04   2.06625E-05   0.00000E+00   0.00000E+00   1.19353E-03
    1.64856E-04   1.49581E-04   2.06625E-05   0.00000E+00   0.00000E+00
    1.19353E-03   1.64856E-04   1.86293E-04   2.60445E-05   0.00000E+00
    0.00000E+00   1.48593E-03   2.07721E-04   2.31981E-04   3.28280E-05
    0.00000E+00   0.00000E+00   1.84934E-03   2.61678E-04   2.88826E-04
    4.13778E-05   0.00000E+00   0.00000E+00   2.30108E-03   3.29623E-04
    3.64154E-04   5.28566E-05   0.00000E+00   0.00000E+00   2.89952E-03
    4.20816E-04   4.67710E-04   6.88473E-05   0.00000E+00   0.00000E+00
    3.72154E-03   5.47748E-04   5.87344E-04   8.75702E-05   0.00000E+00
    0.00000E+00   4.67014E-03   6.96207E-04   7.37434E-04   1.11382E-04
    0.00000E+00   0.00000E+00   5.85846E-03   8.84730E-04   9.53823E-04
    1.46188E-04   0.00000E+00   0.00000E+00   7.57165E-03   1.16029E-03
    1.20621E-03   1.87356E-04   0.00000E+00   0.00000E+00   9.56601E-03
    1.48561E-03   1.52402E-03   2.39937E-04   0.00000E+00   0.00000E+00
    1.20739E-02   1.90053E-03   1.92507E-03   3.07250E-04   0.00000E+00
    0.00000E+00   1.52333E-02   2.43081E-03   2.45087E-03   3.96800E-04
    0.00000E+00   0.00000E+00   1.93709E-02   3.13549E-03   3.16576E-03
    5.20371E-04   0.00000E+00   0.00000E+00   2.49889E-02   4.10658E-03
    4.02210E-03   6.70634E-04   0.00000E+00   0.00000E+00   3.17030E-02
    5.28471E-03   5.10786E-03   8.64086E-04   0.00000E+00   0.00000E+00
    4.01962E-02   6.79797E-03   6.63670E-03   1.14074E-03   0.00000E+00
    0.00000E+00   5.21421E-02   8.95966E-03   8.47704E-03   1.47905E-03
    0.00000E+00   0.00000E+00   6.64785E-02   1.15951E-02   1.08332E-02
    1.91916E-03   0.00000E+00   0.00000E+00   8.47846E-02   1.50146E-02
    1.38633E-02   2.49444E-03   0.00000E+00   0.00000E+00   1.08259E-01
    1.94713E-02   1.78599E-02   3.26586E-03   0.00000E+00   0.00000E+00
    1.39147E-01   2.54333E-02   2.35291E-02   4.37869E-03   0.00000E+00
    0.00000E+00   1.82874E-01   3.40166E-02   3.02036E-02   5.71142E-03
    0.00000E+00   0.00000E+00   2.34086E-01   4.42423E-02   3.86838E-02
    7.43441E-03   0.00000E+00   0.00000E+00   2.98895E-01   5.74101E-02
    5.00785E-02   9.79092E-03   0.00000E+00   0.00000E+00   3.85680E-01
    7.53578E-02   6.40068E-02   1.27238E-02   0.00000E+00   0.00000E+00
    4.91173E-01   9.75711E-02   8.10060E-02   1.63695E-02   0.00000E+00
    0.00000E+00   6.19118E-01   1.25011E-01   1.01382E-01   2.08220E-02
    0.00000E+00   0.00000E+00   7.71424E-01   1.58292E-01   1.26776E-01
    2.64775E-02   0.00000E+00   0.00000E+00   9.60053E-01   2.00302E-01
    1.57085E-01   3.33603E-02   0.00000E+00   0.00000E+00   1.18335E+00
    2.51010E-01   1.92449E-01   4.15514E-02   0.00000E+00   0.00000E+00
    1.44139E+00   3.10778E-01   2.34325E-01   5.14488E-02   0.00000E+00
    0.00000E+00   1.74402E+00   3.82304E-01   2.79907E-01   6.24465E-02
    0.00000E+00   0.00000E+00   2.06861E+00   4.60618E-01   3.26636E-01
    7.39609E-02   0.00000E+00   0.00000E+00   2.39473E+00   5.40979E-01
    3.73653E-01   8.57981E-02   0.00000E+00   0.00000E+00   2.71496E+00
    6.21600E-01   4.18233E-01   9.72713E-02   0.00000E+00   0.00000E+00
    3.00833E+00   6.97102E-01   4.51916E-01   1.06137E-01   0.00000E+00
    0.00000E+00   3.21228E+00   7.50784E-01   4.73920E-01   1.12063E-01
    0.00000E+00   0.00000E+00   3.32265E+00   7.80510E-01   4.82529E-01
    1.14437E-01   0.00000E+00   0.00000E+00   3.32896E+00   7.82249E-01
    4.80627E-01   1.13900E-01   0.00000E+00   0.00000E+00   3.25482E+00
    7.61308E-01   4.66077E-01   1.09687E-01   0.00000E+00   0.00000E+00
    3.08757E+00   7.12884E-01   4.41678E-01   1.02442E-01   0.00000E+00
    0.00000E+00   2.85057E+00   6.42505E-01   4.13295E-01   9.37915E-02
    0.00000E+00   0.00000E+00   2.58793E+00   5.62460E-01   3.84391E-01
    8.47446E-02   0.00000E+00   0.00000E+00   2.32538E+00   4.80283E-01
    3.56699E-01   7.58360E-02   0.00000E+00   0.00000E+00   2.07579E+00
    3.99988E-01   3.31763E-01   6.75850E-02   0.00000E+00   0.00000E+00
    1.84988E+00   3.25237E-01   3.11966E-01   6.08416E-02   0.00000E+00
    0.00000E+00   1.66341E+00   2.61721E-01   2.97756E-01   5.58545E-02
    0.00000E+00   0.00000E+00   1.51808E+00   2.10719E-01   2.86888E-01
    5.19213E-02   0.00000E+00   0.00000E+00   1.39804E+00   1.67273E-01
    2.79018E-01   4.89812E-02   0.00000E+00   0.00000E+00   1.30032E+00
    1.30769E-01   2.74335E-01   4.71734E-02   0.00000E+00   0.00000E+00
    1.22532E+00   1.01816E-01   2.72261E-01   4.63452E-02   0.00000E+00
    0.00000E+00   1.16854E+00   7.91393E-02   2.72053E-01   4.62590E-02
    0.00000E+00   0.00000E+00   1.12474E+00   6.10245E-02   2.73373E-01
    4.68255E-02   0.00000E+00   0.00000E+00   1.09134E+00   4.66976E-02
    2.76062E-01   4.80230E-02   0.00000E+00   0.00000E+00   1.06699E+00
    3.58490E-02   2.79758E-01   4.97353E-02   0.00000E+00   0.00000E+00
    1.04918E+00   2.76027E-02   2.84168E-01   5.18633E-02   0.00000E+00
    0.00000E+00   1.03601E+00   2.12465E-02   2.89107E-01   5.43502E-02
    0.00000E+00   0.00000E+00   1.02630E+00   1.63551E-02   2.94291E-01
    5.70791E-02   0.00000E+00   0.00000E+00   1.01840E+00   1.21982E-02
    2.99941E-01   6.01952E-02   0.00000E+00   0.00000E+00   1.01346E+00
    9.47150E-03   3.05759E-01   6.35639E-02   0.00000E+00   0.00000E+00
    1.00983E+00   7.36888E-03   3.11595E-01   6.71214E-02   0.00000E+00
    0.00000E+00   1.00677E+00   5.50715E-03   3.17545E-01   7.09495E-02
    0.00000E+00   0.00000E+00   1.00479E+00   4.23495E-03   3.23532E-01
    7.50282E-02   0.00000E+00   0.00000E+00   1.00351E+00   3.35827E-03
    3.29472E-01   7.93280E-02   0.00000E+00   0.00000E+00   1.00255E+00
    2.66522E-03   3.35339E-01   8.38577E-02   0.00000E+00   0.00000E+00
    1.00184E+00   2.11713E-03   3.41116E-01   8.86361E-02   0.00000E+00
    0.00000E+00   1.00134E+00   1.70502E-03   3.46764E-01   9.36683E-02
    0.00000E+00   0.00000E+00   1.00095E+00   1.35297E-03   3.52272E-01
    9.89841E-02   0.00000E+00   0.00000E+00   1.00066E+00   1.07340E-03
    3.58462E-01   1.05501E-01   0.00000E+00   0.00000E+00   1.00362E+00
    4.19352E-03   3.62706E-01   1.10416E-01   0.00000E+00   0.00000E+00
    1.00000E+00   0.00000E+00   3.67654E-01   1.16783E-01   0.00000E+00
    0.00000E+00   1.00000E+00   0.00000E+00   3.72332E-01   1.23555E-01
    0.00000E+00   0.00000E+00   1.00000E+00   0.00000E+00   3.76699E-01
    1.30780E-01   0.00000E+00   0.00000E+00   1.00000E+00   0.00000E+00
    3.80699E-01   1.38502E-01   0.00000E+00   0.00000E+00   1.00000E+00
    0.00000E+00   3.84270E-01   1.46771E-01   0.00000E+00   0.00000E+00
    1.00000E+00   0.00000E+00   3.87333E-01   1.55639E-01   0.00000E+00
    0.00000E+00   1.00000E+00   0.00000E+00   3.89800E-01   1.65166E-01
    0.00000E+00   0.00000E+00   1.00000E+00   0.00000E+00   3.91569E-01
    1.75408E-01   0.00000E+00   0.00000E+00   1.00000E+00   0.00000E+00
    3.92521E-01   1.86430E-01   0.00000E+00   0.00000E+00   1.00000E+00
    0.00000E+00   3.92521E-01   1.86430E-01   0.00000E+00   0.00000E+00
    1.00000E+00   0.00000E+00
   100
    2.00000E+00   9.80000E+01
   -3.47997E-09   1.69845E-01  -3.47997E-09   1.69845E-01  -6.49468E-05
    1.76209E-01  -2.08579E-04   1.83247E-01  -4.26406E-04   1.90363E-01
   -7.36628E-04   1.97963E-01  -1.15380E-03   2.06140E-01  -1.68824E-03
    2.14869E-01  -2.35218E-03   2.24164E-01  -3.15989E-03   2.34059E-01
   -4.12691E-03   2.44589E-01  -5.27143E-03   2.55805E-01  -6.61614E-03
    2.67785E-01  -8.18758E-03   2.80618E-01  -1.01462E-02   2.95383E-01
   -1.23467E-02   3.10787E-01  -1.48303E-02   3.27013E-01  -1.82437E-02
    3.47920E-01  -2.11604E-02   3.64734E-01  -2.44696E-02   3.82751E-01
   -2.99483E-02   4.11009E-01  -3.30522E-02   4.26218E-01  -4.00482E-02
    4.58867E-01  -4.68808E-02   4.89302E-01  -5.62833E-02   5.29365E-01
   -6.15363E-02   5.50815E-01  -7.52475E-02   6.04563E-01  -8.36859E-02
    6.36369E-01  -9.93776E-02   6.93324E-01  -1.13670E-01   7.43347E-01
   -1.29853E-01   7.98035E-01  -1.50931E-01   8.66890E-01  -1.77019E-01
    9.49361E-01  -2.00500E-01   1.02127E+00  -2.35153E-01   1.12418E+00
   -2.68671E-01   1.22079E+00  -3.08026E-01   1.33098E+00  -3.52910E-01
    1.45317E+00  -4.07171E-01   1.59689E+00  -4.66611E-01   1.75018E+00
   -5.32306E-01   1.91526E+00  -6.20897E-01   2.13231E+00  -6.75751E-01
    2.26342E+00  -7.71524E-01   2.48689E+00  -8.59526E-01   2.68746E+00
   -9.55774E-01   2.90183E+00  -1.05746E+00   3.12328E+00  -1.15951E+00
    3.34068E+00  -1.26591E+00   3.56253E+00  -1.36175E+00   3.75822E+00
   -1.46649E+00   3.96769E+00  -1.58007E+00   4.19031E+00  -1.69280E+00
    4.40693E+00  -1.76344E+00   4.54007E+00  -1.88875E+00   4.77177E+00
   -2.02042E+00   5.01071E+00  -2.09817E+00   5.14925E+00  -2.20178E+00
    5.33057E+00  -2.34236E+00   5.57228E+00  -2.46915E+00   5.78650E+00
   -2.55486E+00   5.92886E+00  -2.70591E+00   6.17559E+00  -2.86318E+00
    6.42825E+00  -2.99219E+00   6.63216E+00  -3.15520E+00   6.88573E+00
   -3.32819E+00   7.15063E+00  -3.53169E+00   7.45744E+00  -3.73329E+00
    7.75679E+00  -3.92999E+00   8.04450E+00  -4.20677E+00   8.44339E+00
   -4.48823E+00   8.84314E+00  -4.71953E+00   9.16697E+00  -5.11148E+00
    9.70796E+00  -5.47964E+00   1.02091E+01  -5.76013E+00   1.05856E+01
   -6.39535E+00   1.14269E+01  -6.79308E+00   1.19466E+01  -7.31745E+00
    1.26227E+01  -8.13272E+00   1.36603E+01  -8.56581E+00   1.42045E+01
   -9.82903E+00   1.57715E+01  -1.04058E+01   1.64780E+01  -1.19075E+01
    1.82949E+01  -1.27729E+01   1.93291E+01  -1.48471E+01   2.17783E+01
   -1.64623E+01   2.36627E+01  -1.97300E+01   2.74301E+01  -2.10815E+01
    2.89702E+01  -2.43673E+01   3.26714E+01  -2.99667E+01   3.89071E+01
   -3.27616E+01   4.19846E+01  -4.18975E+01   5.19326E+01  -5.31468E+01
    6.40473E+01  -6.59071E+01   7.76398E+01  -9.06747E+01   1.03739E+02
   -1.34256E+02   1.49175E+02  -2.06616E+02   2.23820E+02  -4.49432E+02
    4.71694E+02  -3.70900E+04   3.74900E+04  -3.70900E+04   3.74900E+04
    9.93176E-01  -9.38796E-04   9.93176E-01  -9.38796E-04   9.91646E-01
   -1.16315E-03   9.89772E-01  -1.44133E-03   9.87486E-01  -1.78509E-03
    9.84773E-01  -2.19859E-03   9.81612E-01  -2.68661E-03   9.77594E-01
   -3.31547E-03   9.72703E-01  -4.09138E-03   9.68880E-01  -4.70641E-03
    9.62667E-01  -5.71975E-03   9.55165E-01  -6.96093E-03   9.46175E-01
   -8.46987E-03   9.37100E-01  -1.00154E-02   9.30123E-01  -1.12214E-02
    9.17747E-01  -1.33930E-02   9.03261E-01  -1.59740E-02   8.93671E-01
   -1.77095E-02   8.77108E-01  -2.07543E-02   8.60529E-01  -2.38511E-02
    8.45052E-01  -2.67895E-02   8.21738E-01  -3.12895E-02   7.92749E-01
   -3.69798E-02   7.63500E-01  -4.28201E-02   7.31173E-01  -4.93883E-02
    6.97646E-01  -5.63219E-02   6.60577E-01  -6.41274E-02   6.25845E-01
   -7.15763E-02   5.96720E-01  -7.79405E-02   5.61639E-01  -8.57535E-02
    5.29988E-01  -9.29408E-02   5.04419E-01  -9.88634E-02   4.97899E-01
   -1.00404E-01   5.02714E-01  -9.92425E-02   5.17695E-01  -9.55511E-02
    5.62283E-01  -8.43255E-02   6.42872E-01  -6.35850E-02   7.11186E-01
   -4.56041E-02   7.88596E-01  -2.47553E-02   8.69091E-01  -2.55961E-03
    9.77319E-01   2.80114E-02   1.06421E+00   5.31683E-02   1.11737E+00
    6.89555E-02   1.15947E+00   8.17859E-02   1.19241E+00   9.20966E-02
    1.19962E+00   9.44155E-02   1.20476E+00   9.61178E-02   1.19598E+00
    9.31272E-02   1.19331E+00   9.21900E-02   1.16290E+00   8.11812E-02
    1.14304E+00   7.37624E-02   1.12501E+00   6.68031E-02   1.10989E+00
    6.07637E-02   1.09286E+00   5.37198E-02   1.07931E+00   4.79070E-02
    1.06652E+00   4.22107E-02   1.05488E+00   3.68208E-02   1.04502E+00
    3.20641E-02   1.03673E+00   2.78878E-02   1.03050E+00   2.46103E-02
    1.02458E+00   2.13425E-02   1.01966E+00   1.84964E-02   1.01618E+00
    1.63751E-02   1.01299E+00   1.43208E-02   1.01011E+00   1.23611E-02
    1.00778E+00   1.06747E-02   1.00590E+00   9.22301E-03   1.00418E+00
    7.79616E-03   1.00301E+00   6.75590E-03   1.00209E+00   5.86748E-03
    1.00142E+00   5.15993E-03   1.00087E+00   4.52832E-03   1.00041E+00
    3.92638E-03   1.00002E+00   3.37001E-03   9.99756E-01   2.93098E-03
    9.99555E-01   2.54304E-03   9.99413E-01   2.21446E-03   9.99314E-01
    1.92937E-03   9.99253E-01   1.69260E-03   9.99217E-01   1.48206E-03
    9.99200E-01   1.29223E-03   9.99200E-01   1.29223E-03
